5399.459473]
5399.571289]
5399.683594]
5399.796387]
5399.909180]
5400.022461]
5400.136230]
5400.250000]
5400.364258]
5400.479004]
5400.594238]
5400.709473]
5400.825195]
5400.941406]
5401.057617]
5401.174805]
5401.291992]
5401.409180]
5401.527344]
5401.645508]
5401.764160]
5401.883301]
5402.002441]
5402.122559]
5402.242676]
5402.363281]
5402.483887]
5402.605469]
5402.727051]
5402.849121]
5402.971680]
5403.094727]
5403.217773]
5403.341797]
5403.465820]
5403.590332]
5403.714844]
5403.840332]
5403.966309]
5404.092285]
5404.218750]
5404.345703]
5404.473145]
5404.600586]
5404.729004]
5404.857910]
5404.986816]
5405.116211]
5405.246094]
5405.376465]
5405.507324]
5405.638672]
5405.770020]
5405.902344]
5406.034668]
5406.167969]
5406.301270]
5406.435547]
5406.569824]
5406.704590]
5406.839844]
5406.975586]
5407.111816]
5407.248535]
5407.385742]
5407.523438]
5407.661621]
5407.800293]
5407.938965]
5408.078613]
5408.218750]
5408.359375]
5408.500488]
5408.642090]
5408.784180]
5408.926758]
5409.069336]
5409.212891]
5409.357422]
5409.501953]
5409.646973]
5409.792480]
5409.938477]
5410.085449]
5410.232422]
5410.380371]
5410.528320]
5410.677246]
5410.826660]
5410.976562]
5411.126953]
5411.277832]
5411.429688]
5411.581543]
5411.734375]
5411.887695]
5412.041504]
5412.195801]
5412.350586]
5412.506348]
5412.662109]
5412.818848]
5412.976074]
5413.134277]
5413.292480]
5413.451660]
5413.611328]
5413.771484]
5413.932617]
5414.094238]
5414.256348]
5414.418945]
5414.582031]
5414.746094]
5414.911133]
5415.076172]
5415.242188]
5415.408691]
5415.575684]
5415.743652]
5415.912109]
5416.081543]
5416.251465]
5416.421875]
5416.592773]
5416.764648]
5416.937500]
5417.110840]
5417.284668]
5417.458984]
5417.634766]
5417.810547]
5417.987305]
5418.164551]
5418.342773]
5418.521973]
5418.701660]
5418.881836]
5419.062988]
5419.244629]
5419.427246]
5419.610840]
5419.794922]
5419.979492]
5420.165527]
5420.351562]
5420.539062]
5420.727051]
5420.915527]
5421.104980]
5421.295410]
5421.486816]
5421.678711]
5421.871582]
5422.064941]
5422.259277]
5422.454590]
5422.650879]
5422.847656]
5423.045410]
5423.244141]
5423.443359]
5423.644043]
5423.845215]
5424.047363]
5424.250000]
5424.454102]
5424.658691]
5424.864258]
5425.070801]
5425.278320]
5425.486816]
5425.696289]
5425.906738]
5426.117676]
5426.330078]
5426.542969]
5426.757324]
5426.972168]
5427.188477]
5427.405273]
5427.623047]
5427.842285]
5428.062012]
5428.283203]
5428.505371]
5428.728516]
5428.952637]
5429.177734]
5429.403809]
5429.630859]
5429.859375]
5430.088379]
5430.318848]
5430.550293]
5430.783203]
5431.017090]
5431.251465]
5431.487793]
5431.724609]
5431.962891]
5432.202148]
5432.442871]
5432.684570]
5432.927246]
5433.171387]
5433.416504]
5433.663086]
5433.910645]
5434.159668]
5434.409668]
5434.660645]
5434.913574]
5435.166992]
5435.422363]
5435.678711]
5435.936035]
5436.195312]
5436.455566]
5436.716797]
5436.979492]
5437.244141]
5437.509277]
5437.776367]
5438.044434]
5438.314453]
5438.585449]
5438.857910]
5439.131836]
5439.406738]
5439.683594]
5439.961914]
5440.241211]
5440.522461]
5440.805176]
5441.088867]
5441.374512]
5441.661621]
5441.950195]
5442.240723]
5442.532227]
5442.825684]
5443.120605]
5443.416992]
5443.714844]
5444.014648]
5444.315918]
5444.619141]
5444.923828]
5445.229980]
5445.538086]
5445.847656]
5446.159180]
5446.472656]
5446.787598]
5447.104492]
5447.422852]
5447.743164]
5448.065430]
5448.389160]
5448.715332]
5449.042969]
5449.372559]
5449.704102]
5450.037109]
5450.372559]
5450.709961]
5451.049316]
5451.390137]
5451.733398]
5452.078613]
5452.426270]
5452.775391]
5453.126953]
5453.480469]
5453.835938]
5454.193848]
5454.553711]
5454.916016]
5455.280273]
5455.646484]
5456.015137]
5456.386230]
5456.759766]
5457.135254]
5457.513184]
5457.893555]
5458.275879]
5458.661133]
5459.048340]
5459.438477]
5459.830566]
5460.225586]
5460.623047]
5461.022949]
5461.425293]
5461.830078]
5462.237793]
5462.647949]
5463.061035]
5463.476562]
5463.895020]
5464.315918]
5464.739746]
5465.166504]
5465.595703]
5466.028320]
5466.463379]
5466.901367]
5467.342285]
5467.786621]
5468.233398]
5468.683594]
5469.136719]
5469.593262]
5470.052246]
5470.515137]
5470.980469]
5471.449707]
5471.921875]
5472.397461]
5472.876465]
5473.358887]
5473.844238]
5474.333496]
5474.826172]
5475.322266]
5475.821777]
5476.325195]
5476.832031]
5477.342773]
5477.857422]
5478.375488]
5478.897461]
5479.422852]
5479.952637]
5480.486328]
5481.023926]
5481.565918]
5482.111328]
5482.661133]
5483.215332]
5483.773438]
5484.335938]
5484.902832]
5485.474121]
5486.049805]
5486.629883]
5487.214355]
5487.803711]
5488.397461]
5488.996094]
5489.599121]
5490.207520]
5490.820312]
5491.437988]
5492.061035]
5492.688965]
5493.321777]
5493.959961]
5494.603516]
5495.252441]
5495.906250]
5496.565918]
5497.230957]
5497.901855]
5498.578125]
5499.259766]
5499.947754]
5500.641602]
5501.340820]
5502.046875]
5502.758301]
5503.476562]
5504.200684]
5504.931152]
5505.667969]
5506.411621]
5507.161621]
5507.918457]
5508.682129]
5509.452637]
5510.229980]
5511.014648]
5511.806641]
5512.605469]
5513.412109]
5514.225586]
5515.047363]
5515.876465]
5516.713379]
5517.558105]
5518.411133]
5519.271973]
5520.141602]
5521.019043]
5521.905273]
5522.800293]
5523.704102]
5524.616211]
5525.538086]
5526.468750]
5527.408691]
5528.357910]
5529.317383]
5530.286133]
5531.264648]
5532.253418]
5533.251953]
5534.261230]
5535.281250]
5536.311523]
5537.353027]
5538.405273]
5539.468750]
5540.543945]
5541.630371]
5542.729004]
5543.838867]
5544.961426]
5546.096191]
5547.243652]
5548.403809]
5549.577148]
5550.763184]
5551.963379]
5553.176758]
5554.404297]
5555.645508]
5556.901855]
5558.172363]
5559.458008]
5560.758789]
5562.074707]
5563.406738]
5564.754883]
5566.119141]
5567.500000]
5568.897949]
5570.312988]
5571.745605]
5573.195801]
5574.664551]
5576.151855]
5577.658203]
5579.184082]
5580.729492]
5582.294434]
5583.880371]
5585.487305]
5587.115234]
5588.764648]
5590.436523]
5592.131348]
5593.848633]
5595.589844]
5597.354980]
5599.144531]
5600.959473]
5602.799805]
5604.666016]
5606.559570]
5608.479980]
5610.428223]
5612.405273]
5614.411133]
5616.446777]
5618.513184]
5620.610352]
5622.739746]
5624.901855]
5627.097168]
5629.326172]
5631.590820]
5633.890625]
5636.227539]
5638.601562]
5641.014160]
5643.466309]
5645.958984]
5648.492676]
5651.068848]
5653.688477]
5656.352539]
5659.062988]
5661.819824]
5664.625000]
5667.479492]
5670.384766]
5673.342285]
5676.353516]
5679.419434]
5682.542480]
5685.723145]
5688.963867]
5692.266113]
5695.631836]
5699.062500]
5702.560059]
5706.126465]
5709.764648]
5713.475586]
5717.262207]
5721.126465]
5725.071289]
5729.098633]
5733.211426]
5737.412598]
5741.705078]
5746.091309]
5750.574707]
5755.158203]
5759.846191]
5764.641602]
5769.547852]
5774.569824]
5779.710449]
5784.975098]
5790.367676]
5795.893066]
5801.556152]
5807.362305]
5813.316895]
5819.425781]
5825.695312]
5832.131836]
5838.741211]
5845.531738]
5852.510742]
5859.685547]
5867.064941]
5874.657715]
5882.473145]
5890.521973]
5898.813477]
5907.359863]
5916.173340]
5925.265137]
5934.650391]
5944.342285]
5954.356934]
5964.709961]
5975.419922]
5986.504395]
5997.984375]
6009.880859]
6022.216797]
6035.018066]
6048.310059]
6062.122559]
6076.486816]
6091.436035]
6107.006836]
6123.239258]
6140.176270]
6157.864258]
6176.354492]
6195.703613]
6215.972168]
6237.227539]
6259.543945]
6283.001953]
6307.692383]
6333.714844]
6361.180176]
6390.211914]
6420.947266]
6453.541992]
6488.169434]
6525.025391]
6564.333496]
6606.346191]
6651.352539]
6699.684570]
6751.725586]
6807.918945]
6868.782227]
6934.923828]
7007.061035]
7086.048340]
7172.909668]
7268.884277]
7375.486328]
7494.584961]
7628.514160]
7780.228027]
7953.521484]
8153.352051]
8386.320312]
8661.416016]
8991.200195]
9393.783203]
9896.260742]
10541.082031]
11398.714844]
12595.333008]
14381.421875]
17334.906250]
23155.921875]
39960.574219]
617465.062500]
44375.144531]
24255.615234]
17823.000000]
14655.696289]
12770.708008]
11520.395508]
10630.403320]
9964.588867]
9447.724609]
9034.856445]
8697.464844]
8416.586914]
8179.119629]
7975.720703]
7799.549805]
7645.481934]
7509.603027]
7388.870605]
7280.886719]
7183.732422]
7095.856934]
7015.990723]
6943.086914]
6876.272949]
6814.816406]
6758.097168]
6705.588379]
6656.837402]
6611.455078]
6569.103516]
6529.488770]
6492.354492]
6457.474121]
6424.648438]
6393.701660]
6364.476074]
6336.832520]
6310.645508]
6285.803223]
6262.204590]
6239.758301]
6218.381836]
6198.000488]
6178.546387]
6159.958008]
6142.178223]
6125.155273]
6108.842773]
6093.195801]
6078.175781]
6063.744629]
6049.869141]
6036.517090]
6023.660156]
6011.270508]
5999.323730]
5987.796387]
5976.666504]
5965.914062]
5955.520020]
5945.466797]
5935.737793]
5926.317871]
5917.191895]
5908.347168]
5899.770020]
5891.449219]
5883.372559]
5875.530273]
5867.912109]
5860.508301]
5853.310059]
5846.309082]
5839.497070]
5832.866699]
5826.410645]
5820.122070]
5813.994629]
5808.022461]
5802.199219]
5796.520020]
5790.978516]
5785.570801]
5780.291992]
5775.136719]
5770.101562]
5765.182129]
5760.374023]
5755.673828]
5751.078125]
5746.583496]
5742.186035]
5737.883301]
5733.671875]
5729.548828]
5725.511719]
5721.557617]
5717.684082]
5713.888672]
5710.168945]
5706.522949]
5702.948242]
5699.442383]
5696.004395]
5692.631348]
5689.322266]
5686.074219]
5682.886719]
5679.757324]
5676.685059]
5673.667480]
5670.704102]
5667.792480]
5664.932129]
5662.121582]
5659.359375]
5656.644043]
5653.974609]
5651.349609]
5648.768555]
5646.229980]
5643.732910]
5641.276367]
5638.859375]
5636.480469]
5634.139648]
5631.835449]
5629.567383]
5627.333984]
5625.134766]
5622.969238]
5620.836426]
5618.735352]
5616.665527]
5614.626465]
5612.616699]
5610.636719]
5608.685059]
5606.761719]
5604.865234]
5602.996094]
5601.152832]
5599.334961]
5597.542480]
5595.774414]
5594.030762]
5592.310547]
5590.613770]
5588.939453]
5587.287109]
5585.656738]
5584.047852]
5582.459473]
5580.891602]
5579.344238]
5577.816406]
5576.308105]
5574.818848]
5573.347656]
5571.895020]
5570.460449]
5569.043457]
5567.644043]
5566.261230]
5564.895020]
5563.544922]
5562.211426]
5560.893555]
5559.590820]
5558.303711]
5557.031250]
5555.773926]
5554.530762]
5553.301758]
5552.086914]
5550.885254]
5549.697754]
5548.522949]
5547.361328]
5546.212402]
5545.076172]
5543.952637]
5542.840820]
5541.741211]
5540.653320]
5539.577148]
5538.512207]
5537.458984]
5536.416016]
5535.384766]
5534.363770]
5533.353027]
5532.353027]
5531.363281]
5530.383789]
5529.413574]
5528.453613]
5527.502930]
5526.562012]
5525.630371]
5524.708008]
5523.794434]
5522.889648]
5521.994141]
5521.106934]
5520.228027]
5519.357910]
5518.496094]
5517.642090]
5516.796387]
5515.958496]
5515.128418]
5514.306152]
5513.491699]
5512.684570]
5511.884766]
5511.091797]
5510.306641]
5509.528320]
5508.757324]
5507.992676]
5507.235352]
5506.484375]
5505.740234]
5505.002441]
5504.270996]
5503.546387]
5502.827637]
5502.115234]
5501.409180]
5500.708496]
5500.014160]
5499.325684]
5498.643066]
5497.966309]
5497.294922]
5496.629395]
5495.969238]
5495.314453]
5494.665527]
5494.021484]
5493.382812]
5492.749023]
5492.120605]
5491.497070]
5490.878906]
5490.265137]
5489.656738]
5489.052734]
5488.453613]
5487.859375]
5487.270020]
5486.684570]
5486.104004]
5485.527832]
5484.956543]
5484.389160]
5483.826172]
5483.267578]
5482.712891]
5482.162598]
5481.616699]
5481.074219]
5480.536133]
5480.002441]
5479.472168]
5478.945801]
5478.423828]
5477.905273]
5477.390137]
5476.879395]
5476.372070]
5475.868164]
5475.368164]
5474.871582]
5474.378418]
5473.889160]
5473.402832]
5472.920410]
5472.441406]
5471.965332]
5471.492676]
5471.023438]
5470.557129]
5470.094238]
5469.634766]
5469.178223]
5468.724609]
5468.274414]
5467.826660]
5467.382324]
5466.940918]
5466.502930]
5466.067383]
5465.634766]
5465.205078]
5464.777832]
5464.354004]
5463.932617]
5463.513672]
5463.098145]
5462.684570]
5462.274414]
5461.866211]
5461.460938]
5461.058594]
5460.658203]
5460.260742]
5459.865723]
5459.473145]
5459.083008]
5458.695312]
5458.310059]
5457.927246]
5457.546387]
5457.168457]
5456.792480]
5456.418945]
5456.047852]
5455.678711]
5455.312012]
5454.947266]
5454.584961]
5454.225098]
5453.867188]
5453.511230]
5453.157227]
5452.805664]
5452.456055]
5452.108887]
5451.763184]
5451.419922]
5451.078613]
5450.738770]
5450.401367]
5450.065918]
5449.732422]
5449.400879]
5449.070801]
5448.743164]
5448.416992]
5448.092773]
5447.770508]
WINDOW CLOSED
5447.450195]
5447.131348]
5446.814453]
5446.499023]
5446.186035]
5445.874023]
5445.563965]
5445.255859]
5444.949219]
5444.644531]
5444.341309]
5444.040039]
5443.740234]
5443.441895]
5443.145020]
5442.850098]
5442.556641]
5442.264648]
5441.974609]
5441.685547]
5441.398438]
5441.112793]
5440.828613]
5440.545898]
5440.264648]
5439.984863]
5439.706543]
5439.429688]
5439.154297]
5438.880371]
5438.607422]
5438.336426]
5438.066406]
5437.798340]
5437.531250]
5437.265625]
5437.000977]
5436.738281]
5436.476562]
5436.216309]
5435.957031]
5435.699219]
5435.442871]
5435.187500]
5434.933594]
5434.681152]
5434.429688]
5434.179688]
5433.930664]
5433.682617]
5433.436035]
5433.190918]
5432.946777]
5432.703613]
5432.461914]
5432.221191]
5431.981934]
5431.743652]
5431.506348]
5431.270508]
5431.035156]
5430.801270]
5430.568848]
5430.336914]
5430.106445]
5429.876953]
5429.648926]
5429.421387]
5429.195312]
5428.969727]
5428.745605]
5428.522461]
5428.300293]
5428.079102]
5427.859375]
5427.640137]
5427.421875]
5427.205078]
5426.988770]
5426.773438]
5426.559570]
5426.346191]
5426.133789]
5425.922852]
5425.712402]
5425.502930]
5425.294434]
5425.086914]
5424.879883]
5424.674316]
5424.469727]
5424.265625]
5424.062500]
5423.860352]
5423.659180]
5423.458496]
5423.258789]
5423.060059]
5422.862305]
5422.665527]
5422.469238]
5422.273926]
5422.079590]
5421.885742]
5421.692871]
5421.500977]
5421.309570]
5421.119141]
5420.929688]
5420.740723]
5420.552734]
5420.365234]
5420.179199]
5419.993164]
5419.808594]
5419.624023]
5419.440918]
5419.258301]
5419.076172]
5418.895020]
5418.714355]
5418.534668]
5418.355957]
5418.177734]
5418.000000]
5417.823242]
5417.646973]
5417.471680]
5417.296875]
5417.123047]
5416.949707]
5416.777344]
5416.605469]
5416.434082]
5416.263184]
5416.093262]
5415.924316]
5415.755859]
5415.587891]
5415.420410]
5415.253906]
5415.087891]
5414.922363]
5414.757812]
5414.593750]
5414.430176]
5414.267578]
5414.105469]
5413.943848]
5413.782715]
5413.622559]
5413.462891]
5413.303711]
5413.145020]
5412.987305]
5412.830078]
5412.673340]
5412.517090]
5412.361328]
5412.206543]
5412.051758]
5411.897949]
5411.744629]
5411.592285]
5411.439941]
5411.288086]
5411.137207]
5410.986816]
5410.836914]
5410.687500]
5410.538574]
5410.390137]
5410.242676]
5410.095215]
5409.948242]
5409.802246]
5409.656738]
5409.511230]
5409.366699]
5409.222656]
5409.079102]
5408.936035]
5408.793457]
5408.651367]
5408.509766]
5408.368652]
5408.228027]
5408.087891]
5407.948242]
5407.809082]
5407.670410]
5407.532227]
5407.394531]
5407.257324]
5407.120605]
5406.984375]
5406.848633]
5406.713379]
5406.578613]
5406.443848]
5406.310059]
5406.176270]
5406.043457]
5405.910645]
5405.778809]
5405.646973]
5405.515625]
5405.384766]
5405.254395]
5405.124512]
5404.995117]
5404.865723]
5404.737305]
5404.608887]
5404.480957]
5404.353516]
5404.226562]
5404.100098]
5403.974121]
5403.848145]
5403.722656]
5403.598145]
5403.473633]
5403.349121]
5403.225586]
5403.102051]
5402.979492]
5402.856934]
5402.734863]
5402.612793]
5402.491699]
5402.370605]
5402.250000]
5402.129883]
5402.009766]
5401.890625]
5401.771484]
5401.652832]
5401.534668]
5401.416504]
5401.298828]
5401.181641]
5401.064941]
5400.948242]
5400.832520]
5400.716309]
5400.601074]
5400.485840]
5400.371582]
5400.256836]
5400.143066]
5400.029297]
5399.916016]
5399.803223]
5399.690430]
5399.578125]
